0,448
0,386
37,30
37,29
37,28
37,27
37,26
37,25
37,24
37,23
37,22
37,21
37,20
37,19
37,18
37,17
37,16
37,15
37,14
37,13
37,12
37,11
37,10
37,9
37,8
37,7
37,6
37,5
37,4
48,35
3,2
10,27
10,257
10,191
10,273
10,21
10,137
10,153
10,261
10,2
10,3
11,5
11,7
11,9
11,13
11,15
9,5
9,2
9,3
8,10
8,17
8,18
8,4
8,2
8,3
39,3
39,1
38,70
38,69
38,68
38,67
38,66
38,65
38,64
38,35
38,34
38,33
38,32
38,31
38,30
38,29
38,28
38,27
38,26
38,25
38,24
38,23
38,22
38,21
38,20
38,19
38,18
38,17
2,2
2,1
2,3
38,16
38,15
38,14
38,13
38,12
38,11
38,10
38,9
38,8
38,7
38,6
38,5
38,4
38,3
38,1
37,31
